%YAML:1.0
aruco_bc_nmarkers: 9
aruco_bc_mInfoType: 0
aruco_bc_markers:
   - { id:601, corners:[ [ -170., -170., 0. ], [ -70., -170., 0. ], [
       -70., -70., 0. ], [ -170., -70., 0. ] ] }
   - { id:657, corners:[ [ -50., -170., 0. ], [ 50., -170., 0. ], [ 50.,
       -70., 0. ], [ -50., -70., 0. ] ] }
   - { id:1002, corners:[ [ 70., -170., 0. ], [ 170., -170., 0. ], [
       170., -70., 0. ], [ 70., -70., 0. ] ] }
   - { id:139, corners:[ [ -170., -50., 0. ], [ -70., -50., 0. ], [ -70.,
       50., 0. ], [ -170., 50., 0. ] ] }
   - { id:877, corners:[ [ -50., -50., 0. ], [ 50., -50., 0. ], [ 50.,
       50., 0. ], [ -50., 50., 0. ] ] }
   - { id:280, corners:[ [ 70., -50., 0. ], [ 170., -50., 0. ], [ 170.,
       50., 0. ], [ 70., 50., 0. ] ] }
   - { id:435, corners:[ [ -170., 70., 0. ], [ -70., 70., 0. ], [ -70.,
       170., 0. ], [ -170., 170., 0. ] ] }
   - { id:12, corners:[ [ -50., 70., 0. ], [ 50., 70., 0. ], [ 50., 170.,
       0. ], [ -50., 170., 0. ] ] }
   - { id:575, corners:[ [ 70., 70., 0. ], [ 170., 70., 0. ], [ 170.,
       170., 0. ], [ 70., 170., 0. ] ] }
