%YAML:1.0
aruco_bc_nmarkers: 9
aruco_bc_mInfoType: 0
aruco_bc_markers:
   - { id:692, corners:[ [ -170., -170., 0. ], [ -70., -170., 0. ], [
       -70., -70., 0. ], [ -170., -70., 0. ] ] }
   - { id:434, corners:[ [ -50., -170., 0. ], [ 50., -170., 0. ], [ 50.,
       -70., 0. ], [ -50., -70., 0. ] ] }
   - { id:848, corners:[ [ 70., -170., 0. ], [ 170., -170., 0. ], [ 170.,
       -70., 0. ], [ 70., -70., 0. ] ] }
   - { id:205, corners:[ [ -170., -50., 0. ], [ -70., -50., 0. ], [ -70.,
       50., 0. ], [ -170., 50., 0. ] ] }
   - { id:343, corners:[ [ -50., -50., 0. ], [ 50., -50., 0. ], [ 50.,
       50., 0. ], [ -50., 50., 0. ] ] }
   - { id:435, corners:[ [ 70., -50., 0. ], [ 170., -50., 0. ], [ 170.,
       50., 0. ], [ 70., 50., 0. ] ] }
   - { id:584, corners:[ [ -170., 70., 0. ], [ -70., 70., 0. ], [ -70.,
       170., 0. ], [ -170., 170., 0. ] ] }
   - { id:463, corners:[ [ -50., 70., 0. ], [ 50., 70., 0. ], [ 50.,
       170., 0. ], [ -50., 170., 0. ] ] }
   - { id:204, corners:[ [ 70., 70., 0. ], [ 170., 70., 0. ], [ 170.,
       170., 0. ], [ 70., 170., 0. ] ] }
