%YAML:1.0
aruco_bc_nmarkers: 9
aruco_bc_mInfoType: 0
aruco_bc_markers:
   - { id:872, corners:[ [ -170., -170., 0. ], [ -70., -170., 0. ], [
       -70., -70., 0. ], [ -170., -70., 0. ] ] }
   - { id:799, corners:[ [ -50., -170., 0. ], [ 50., -170., 0. ], [ 50.,
       -70., 0. ], [ -50., -70., 0. ] ] }
   - { id:766, corners:[ [ 70., -170., 0. ], [ 170., -170., 0. ], [ 170.,
       -70., 0. ], [ 70., -70., 0. ] ] }
   - { id:713, corners:[ [ -170., -50., 0. ], [ -70., -50., 0. ], [ -70.,
       50., 0. ], [ -170., 50., 0. ] ] }
   - { id:13, corners:[ [ -50., -50., 0. ], [ 50., -50., 0. ], [ 50.,
       50., 0. ], [ -50., 50., 0. ] ] }
   - { id:884, corners:[ [ 70., -50., 0. ], [ 170., -50., 0. ], [ 170.,
       50., 0. ], [ 70., 50., 0. ] ] }
   - { id:795, corners:[ [ -170., 70., 0. ], [ -70., 70., 0. ], [ -70.,
       170., 0. ], [ -170., 170., 0. ] ] }
   - { id:933, corners:[ [ -50., 70., 0. ], [ 50., 70., 0. ], [ 50.,
       170., 0. ], [ -50., 170., 0. ] ] }
   - { id:759, corners:[ [ 70., 70., 0. ], [ 170., 70., 0. ], [ 170.,
       170., 0. ], [ 70., 170., 0. ] ] }
