%YAML:1.0
aruco_bc_nmarkers: 9
aruco_bc_mInfoType: 0
aruco_bc_markers:
   - { id:63, corners:[ [ -170., -170., 0. ], [ -70., -170., 0. ], [
       -70., -70., 0. ], [ -170., -70., 0. ] ] }
   - { id:564, corners:[ [ -50., -170., 0. ], [ 50., -170., 0. ], [ 50.,
       -70., 0. ], [ -50., -70., 0. ] ] }
   - { id:311, corners:[ [ 70., -170., 0. ], [ 170., -170., 0. ], [ 170.,
       -70., 0. ], [ 70., -70., 0. ] ] }
   - { id:16, corners:[ [ -170., -50., 0. ], [ -70., -50., 0. ], [ -70.,
       50., 0. ], [ -170., 50., 0. ] ] }
   - { id:237, corners:[ [ -50., -50., 0. ], [ 50., -50., 0. ], [ 50.,
       50., 0. ], [ -50., 50., 0. ] ] }
   - { id:516, corners:[ [ 70., -50., 0. ], [ 170., -50., 0. ], [ 170.,
       50., 0. ], [ 70., 50., 0. ] ] }
   - { id:74, corners:[ [ -170., 70., 0. ], [ -70., 70., 0. ], [ -70.,
       170., 0. ], [ -170., 170., 0. ] ] }
   - { id:735, corners:[ [ -50., 70., 0. ], [ 50., 70., 0. ], [ 50.,
       170., 0. ], [ -50., 170., 0. ] ] }
   - { id:586, corners:[ [ 70., 70., 0. ], [ 170., 70., 0. ], [ 170.,
       170., 0. ], [ 70., 170., 0. ] ] }
