%YAML:1.0
aruco_bc_nmarkers: 6
aruco_bc_mInfoType: 0
aruco_bc_markers:
   - { id:270, corners:[ [ -110., -170., 0. ], [ -10., -170., 0. ], [
       -10., -70., 0. ], [ -110., -70., 0. ] ] }
   - { id:557, corners:[ [ 10., -170., 0. ], [ 110., -170., 0. ], [ 110.,
       -70., 0. ], [ 10., -70., 0. ] ] }
   - { id:244, corners:[ [ -110., -50., 0. ], [ -10., -50., 0. ], [ -10.,
       50., 0. ], [ -110., 50., 0. ] ] }
   - { id:131, corners:[ [ 10., -50., 0. ], [ 110., -50., 0. ], [ 110.,
       50., 0. ], [ 10., 50., 0. ] ] }
   - { id:696, corners:[ [ -110., 70., 0. ], [ -10., 70., 0. ], [ -10.,
       170., 0. ], [ -110., 170., 0. ] ] }
   - { id:118, corners:[ [ 10., 70., 0. ], [ 110., 70., 0. ], [ 110.,
       170., 0. ], [ 10., 170., 0. ] ] }
